30.0000
53
30.0000
53
30.0000
64
30.0000
64
30.0000
64
30.0000
64
30.0000
85
30.0000
85
30.0000
85
30.0000
85
30.0000
90
30.0000
90
30.0000
93
30.0000
93
30.0000
93
30.0000
93
30.0000
96
30.0000
96
30.0000
96
30.0000
96
30.0000
96
30.0000
98
30.0000
98
30.0000
105
30.0000
105
30.0000
105
30.0000
105
30.0000
109
30.0000
109
30.0000
109
30.0000
109
30.0000
109
30.0000
109
30.0000
130
30.0000
130
30.0000
138
30.0000
138
30.0000
138
30.0000
138
30.0000
138
30.0000
139
30.0000
139
30.0000
139
30.0000
139
30.0000
139
30.0000
139
30.0000
175
30.0000
175
30.0000
175
30.0000
175
30.0000
175
30.0000
181
30.0000
181
30.0000
190
30.0000
190
30.0000
194
30.0000
194
30.0000
196
30.0000
197
30.0000
197
30.0000
198
30.0000
198
30.0000
198
30.0000
198
30.0000
208
30.0000
208
30.0000
208
30.0000
208
30.0000
229
30.0000
229
30.0000
229
30.0000
229
30.0000
229
30.0000
229
30.0000
236
30.0000
236
30.0000
236
30.0000
236
30.0000
236
30.0000
266
30.0000
266
30.0000
292
30.0000
292
30.0000
294
30.0000
294
30.0000
294
30.0000
294
30.0000
309
30.0000
322
30.0000
322
30.0000
322
30.0000
322
30.0000
332
30.0000
332
30.0000
332
30.0000
332
30.0000
391
30.0000
391
30.0000
391
30.0000
391
30.0000
396
30.0000
396
30.0000
399
30.0000
399
30.0000
399
30.0000
399
30.0000
399
30.0000
399
30.0000
408
30.0000
408
30.0000
415
30.0000
415
30.0000
415
30.0000
415
30.0000
415
30.0000
433
30.0000
433
30.0000
458
30.0000
458
30.0000
458
30.0000
458
30.0000
458
30.0000
461
30.0000
461
30.0000
461
30.0000
461
30.0000
461
30.0000
461
30.0000
474
30.0000
474
30.0000
476
30.0000
476
30.0000
476
30.0000
476
30.0000
476
30.0000
476
30.0000
483
30.0000
483
30.0000
483
30.0000
483
30.0000
483
30.0000
494
30.0000
494
30.0000
494
30.0000
494
30.0000
494
30.0000
497
30.0000
497
30.0000
497
30.0000
497
30.0000
537
30.0000
537
30.0000
537
30.0000
537
30.0000
537
30.0000
550
30.0000
550
30.0000
550
30.0000
550
30.0000
550
30.0000
565
30.0000
565
30.0000
571
30.0000
571
30.0000
571
30.0000
571
30.0000
580
30.0000
580
30.0000
580
30.0000
580
30.0000
586
30.0000
586
30.0000
598
30.0000
598
30.0000
606
30.0000
606
30.0000
609
30.0000
609
30.0000
609
30.0000
609
30.0000
609
30.0000
609
30.0000
617
30.0000
617
30.0000
617
30.0000
617
30.0000
668
30.0000
668
30.0000
668
30.0000
668
30.0000
668
30.0000
668
30.0000
674
30.0000
674
30.0000
674
30.0000
674
30.0000
674
30.0000
674
30.0000
691
30.0000
691
30.0000
691
30.0000
691
30.0000
704
30.0000
704
30.0000
704
30.0000
704
30.0000
709
30.0000
709
30.0000
709
30.0000
709
30.0000
709
30.0000
718
30.0000
718
30.0000
725
30.0000
725
30.0000
726
30.0000
726
30.0000
726
30.0000
726
30.0000
734
30.0000
734
30.0000
736
30.0000
736
30.0000
740
30.0000
750
30.0000
750
30.0000
754
30.0000
754
30.0000
785
30.0000
785
30.0000
817
30.0000
817
30.0000
817
30.0000
817
30.0000
817
30.0000
842
30.0000
842
30.0000
842
30.0000
842
30.0000
842
30.0000
861
30.0000
861
30.0000
861
30.0000
861
30.0000
861
30.0000
869
30.0000
869
30.0000
869
30.0000
869
30.0000
869
30.0000
871
30.0000
871
30.0000
889
30.0000
889
30.0000
889
30.0000
889
30.0000
889
30.0000
889
30.0000
893
30.0000
893
30.0000
893
30.0000
893
30.0000
893
30.0000
893
30.0000
932
30.0000
932
30.0000
932
30.0000
932
30.0000
932
30.0000
932
30.0000
933
30.0000
933
30.0000
933
30.0000
933
30.0000
938
30.0000
938
30.0000
938
30.0000
938
30.0000
938
30.0000
938
30.0000
946
30.0000
946
30.0000
946
30.0000
946
30.0000
965
30.0000
965
30.0000
965
30.0000
965
30.0000
967
30.0000
967
30.0000
967
30.0000
967
30.0000
967
30.0000
967
30.0000
1005
30.0000
1005
30.0000
1005
30.0000
1005
30.0000
1005
30.0000
1005
30.0000
1011
30.0000
1011
30.0000
1014
30.0000
1014
30.0000
1014
30.0000
1014
30.0000
1031
30.0000
1031
30.0000
1031
30.0000
1031
30.0000
1044
30.0000
1044
30.0000
1067
30.0000
1067
30.0000
1069
30.0000
1069
30.0000
1077
30.0000
1077
30.0000
1092
30.0000
1092
30.0000
1092
30.0000
1092
30.0000
1092
30.0000
1094
30.0000
1094
30.0000
1097
30.0000
1097
30.0000
1097
30.0000
1097
30.0000
1099
30.0000
1099
30.0000
1099
30.0000
1107
30.0000
1107
30.0000
1107
30.0000
1142
30.0000
1142
30.0000
1142
30.0000
1142
30.0000
1176
30.0000
1176
30.0000
1176
30.0000
1176
30.0000
1176
30.0000
1192
30.0000
1192
30.0000
1200
30.0000
1200
30.0000
1200
30.0000
1200
30.0000
1200
30.0000
1222
30.0000
1222
30.0000
1222
30.0000
1222
30.0000
1226
30.0000
1226
30.0000
1232
30.0000
1232
30.0000
1232
30.0000
1232
30.0000
1234
30.0000
1234
30.0000
1254
30.0000
1254
30.0000
1257
30.0000
1257
30.0000
1257
30.0000
1257
30.0000
1257
30.0000
1259
30.0000
1259
30.0000
1275
30.0000
1275
30.0000
1275
30.0000
1275
30.0000
1275
30.0000
1308
30.0000
1308
30.0000
1308
30.0000
1308
30.0000
1308
30.0000
1309
30.0000
1309
30.0000
1309
30.0000
1309
30.0000
1310
30.0000
1310
30.0000
1340
30.0000
1340
30.0000
1340
30.0000
1340
30.0000
1340
30.0000
1340
30.0000
1365
30.0000
1365
30.0000
1365
30.0000
1365
30.0000
1365
30.0000
1365
30.0000
1370
30.0000
1370
30.0000
1370
30.0000
1370
30.0000
1384
30.0000
1384
30.0000
1397
30.0000
1397
30.0000
1397
30.0000
1397
30.0000
1397
30.0000
1397
30.0000
1407
30.0000
1407
30.0000
1407
30.0000
1407
30.0000
1407
30.0000
1407
30.0000
1418
30.0000
1418
30.0000
1424
30.0000
1424
30.0000
1424
30.0000
1427
30.0000
1427
30.0000
1444
30.0000
1444
30.0000
1460
30.0000
1460
30.0000
1469
30.0000
1469
30.0000
1477
30.0000
1477
30.0000
1496
30.0000
1496
30.0000
1496
30.0000
1496
30.0000
1528
30.0000
1528
30.0000
1539
30.0000
1539
30.0000
1539
30.0000
1539
30.0000
1539
30.0000
1539
30.0000
1550
30.0000
1550
30.0000
1551
30.0000
1551
30.0000
1551
30.0000
1551
30.0000
1551
30.0000
1551
30.0000
1572
30.0000
1572
30.0000
1572
30.0000
1572
30.0000
1587
30.0000
1587
30.0000
1587
30.0000
1587
30.0000
1587
30.0000
1591
30.0000
1591
30.0000
1591
30.0000
1591
30.0000
1617
30.0000
1617
30.0000
1617
30.0000
1617
30.0000
1633
30.0000
1633
30.0000
1640
30.0000
1640
30.0000
1644
30.0000
1644
30.0000
1650
30.0000
1650
30.0000
1650
30.0000
1650
30.0000
1650
30.0000
1650
30.0000
1660
30.0000
1660
30.0000
1660
30.0000
1660
30.0000
1663
30.0000
1663
30.0000
1665
30.0000
1665
30.0000
1665
30.0000
1665
30.0000
1665
30.0000
1665
30.0000
1689
30.0000
1689
30.0000
1689
30.0000
1689
30.0000
1689
30.0000
1689
30.0000
1699
30.0000
1699
30.0000
1699
30.0000
1699
30.0000
1699
30.0000
1699
30.0000
1712
30.0000
1712
30.0000
1712
30.0000
1712
30.0000
1712
30.0000
1712
30.0000
1719
30.0000
1719
30.0000
1719
30.0000
1719
30.0000
1719
30.0000
1727
30.0000
1727
30.0000
1735
30.0000
1735
30.0000
1735
30.0000
1735
30.0000
1756
30.0000
1756
30.0000
1756
30.0000
1756
30.0000
1756
30.0000
1756
30.0000
1758
30.0000
1758
30.0000
1778
30.0000
1778
30.0000
1796
30.0000
1796
30.0000
1796
30.0000
1796
30.0000
1796
30.0000
1805
30.0000
1805
30.0000
1824
30.0000
1824
30.0000
1824
30.0000
1824
30.0000
1827
30.0000
1827
30.0000
1827
30.0000
1827
30.0000
1827
30.0000
1827
30.0000
1835
30.0000
1835
30.0000
1835
30.0000
1835
30.0000
1840
30.0000
1840
30.0000
1840
30.0000
1840
30.0000
1840
30.0000
1853
30.0000
1853
30.0000
1853
30.0000
1853
30.0000
1853
30.0000
1865
30.0000
1865
30.0000
1874
30.0000
1874
30.0000
1887
30.0000
1887
30.0000
1887
30.0000
1887
30.0000
1887
30.0000
1894
30.0000
1894
30.0000
1894
30.0000
1894
30.0000
1894
30.0000
1894
30.0000
1927
30.0000
1927
30.0000
1927
30.0000
1927
30.0000
1927
30.0000
1927
30.0000
1951
30.0000
1951
30.0000
1951
30.0000
1951
30.0000
1951
30.0000
1957
30.0000
1957
30.0000
1973
30.0000
1973
30.0000
1973
30.0000
1973
30.0000
1973
30.0000
1973
30.0000
1982
30.0000
1982
30.0000
1982
30.0000
1982
30.0000
1982
30.0000
1995
30.0000
1995
30.0000
1995
30.0000
1995
30.0000
1998
30.0000
1998
30.0000
2028
30.0000
2028
30.0000
2028
30.0000
2028
30.0000
2028
30.0000
2052
30.0000
2052
30.0000
2052
30.0000
2052
30.0000
2052
30.0000
2059
30.0000
2059
30.0000
2059
30.0000
2059
30.0000
2062
30.0000
2062
30.0000
2084
30.0000
2084
30.0000
2084
30.0000
2084
30.0000
2084
30.0000
2109
30.0000
2109
30.0000
2109
30.0000
2109
30.0000
2109
30.0000
2109
30.0000
2127
30.0000
2127
30.0000
2127
30.0000
2127
30.0000
2154
30.0000
2154
30.0000
2154
30.0000
2154
30.0000
2171
30.0000
2171
30.0000
2171
30.0000
2171
30.0000
2180
30.0000
2180
30.0000
2180
30.0000
2180
30.0000
2180
30.0000
2190
30.0000
2190
30.0000
2190
30.0000
2190
30.0000
2194
30.0000
2194
30.0000
2194
30.0000
2194
30.0000
2194
30.0000
2198
30.0000
2198
30.0000
2200
30.0000
2200
30.0000
2200
30.0000
2200
30.0000
2200
30.0000
2223
30.0000
2223
30.0000
2224
30.0000
2224
30.0000
2224
30.0000
2224
30.0000
2231
30.0000
2231
30.0000
2231
30.0000
2235
30.0000
2235
30.0000
2235
30.0000
2235
30.0000
2240
30.0000
2240
30.0000
2241
30.0000
2241
30.0000
2252
30.0000
2252
30.0000
2252
30.0000
2252
30.0000
2281
30.0000
2281
30.0000
2281
30.0000
2281
30.0000
2292
30.0000
2292
30.0000
2292
30.0000
2292
30.0000
2295
30.0000
2295
30.0000
2300
30.0000
2300
30.0000
2305
30.0000
2305
30.0000
2305
30.0000
2305
30.0000
2305
30.0000
2305
30.0000
2318
30.0000
2318
30.0000
2328
30.0000
2328
30.0000
2328
30.0000
2328
30.0000
2328
30.0000
2329
30.0000
2329
30.0000
2329
30.0000
2329
30.0000
2329
30.0000
2353
30.0000
2353
30.0000
2353
30.0000
2405
30.0000
2405
30.0000
2405
30.0000
2405
30.0000
2409
30.0000
2409
30.0000
2409
30.0000
2409
30.0000
2409
30.0000
2417
30.0000
2417
30.0000
2417
30.0000
2417
30.0000
2417
30.0000
2417
30.0000
2418
30.0000
2418
30.0000
2418
30.0000
2418
30.0000
2418
30.0000
2418
30.0000
2466
30.0000
2466
30.0000
2466
30.0000
2466
30.0000
2468
30.0000
2468
30.0000
2468
30.0000
2468
30.0000
2507
30.0000
2507
30.0000
2507
30.0000
2507
30.0000
2511
30.0000
2511
30.0000
2534
30.0000
2534
30.0000
2557
30.0000
2557
30.0000
2557
30.0000
2557
30.0000
2557
30.0000
2559
30.0000
2559
30.0000
2559
30.0000
2559
30.0000
2559
30.0000
2561
30.0000
2561
30.0000
2561
30.0000
2561
30.0000
2561
30.0000
2585
30.0000
2585
30.0000
2585
30.0000
2585
30.0000
2585
30.0000
2595
30.0000
2595
30.0000
2595
30.0000
2595
30.0000
2595
30.0000
2595
30.0000
2599
30.0000
2599
30.0000
2599
30.0000
2599
30.0000
2599
30.0000
2618
30.0000
2618
30.0000
2618
30.0000
2618
30.0000
2624
30.0000
2624
30.0000
2624
30.0000
2624
30.0000
2624
30.0000
2624
30.0000
2628
30.0000
2628
30.0000
2666
30.0000
2666
30.0000
2666
30.0000
2666
30.0000
2666
30.0000
2666
30.0000
2688
30.0000
2688
30.0000
2712
30.0000
2712
30.0000
2718
30.0000
2718
30.0000
2722
30.0000
2722
30.0000
2729
30.0000
2729
30.0000
2730
30.0000
2730
30.0000
2730
30.0000
2730
30.0000
2730
30.0000
2734
30.0000
2734
30.0000
2746
30.0000
2746
30.0000
2746
30.0000
2746
30.0000
2748
30.0000
2748
30.0000
2752
30.0000
2752
30.0000
2752
30.0000
2752
30.0000
2752
30.0000
2752
30.0000
2770
30.0000
2770
30.0000
2799
30.0000
2799
30.0000
2799
30.0000
2799
30.0000
2809
30.0000
2809
30.0000
2809
30.0000
2809
30.0000
2809
30.0000
2809
30.0000
2815
30.0000
2815
30.0000
2815
30.0000
2815
30.0000
2815
30.0000
2831
30.0000
2831
30.0000
2831
30.0000
2831
30.0000
2868
30.0000
2868
30.0000
2875
30.0000
2875
30.0000
2875
30.0000
2875
30.0000
2875
30.0000
2881
30.0000
2881
30.0000
2881
30.0000
2881
30.0000
2881
30.0000
2885
30.0000
2885
30.0000
2885
30.0000
2885
30.0000
2885
30.0000
2900
30.0000
2900
30.0000
2903
30.0000
2903
30.0000
2903
30.0000
2903
30.0000
2903
30.0000
2903
30.0000
2908
30.0000
2908
30.0000
2920
30.0000
2920
30.0000
2920
30.0000
2920
30.0000
2940
30.0000
2940
30.0000
2960
30.0000
2960
30.0000
2960
30.0000
2960
30.0000
2960
30.0000
2961
30.0000
2961
30.0000
2961
30.0000
2961
30.0000
2970
30.0000
2970
30.0000
2970
30.0000
2970
28.0000
75
28.0000
75
28.0000
75
28.0000
75
28.0000
75
28.0000
615
28.0000
615
28.0000
615
28.0000
615
28.0000
615
28.0000
1869
28.0000
1869
28.0000
1869
28.0000
1869
28.0000
1869
28.0000
2897
28.0000
2897
28.0000
2897
28.0000
2897
28.0000
2897
26.6667
1670
26.6667
1670
26.6667
1670
26.6667
2350
26.6667
2350
26.6667
2350
26.0000
162
26.0000
162
26.0000
162
26.0000
162
26.0000
162
26.0000
394
26.0000
394
26.0000
394
26.0000
394
26.0000
394
26.0000
459
26.0000
459
26.0000
459
26.0000
459
26.0000
459
26.0000
740
26.0000
740
26.0000
740
26.0000
740
26.0000
740
26.0000
1600
26.0000
1600
26.0000
1600
26.0000
1600
26.0000
1600
26.0000
2041
26.0000
2041
26.0000
2041
26.0000
2041
26.0000
2041
26.0000
2115
26.0000
2115
26.0000
2115
26.0000
2115
26.0000
2115
26.0000
2554
26.0000
2554
26.0000
2554
26.0000
2554
26.0000
2554
26.0000
2769
26.0000
2769
26.0000
2769
26.0000
2769
26.0000
2769
26.0000
2829
26.0000
2829
26.0000
2829
26.0000
2829
26.0000
2829
26.0000
2843
26.0000
2843
26.0000
2843
26.0000
2843
26.0000
2843
25.0000
304
25.0000
304
25.0000
351
25.0000
351
25.0000
502
25.0000
502
25.0000
689
25.0000
689
25.0000
1057
25.0000
1057
25.0000
1394
25.0000
1394
25.0000
1487
25.0000
1487
25.0000
1609
25.0000
1609
25.0000
1934
25.0000
1934
25.0000
2078
25.0000
2078
25.0000
2412
25.0000
2412
25.0000
2968
25.0000
2968
24.0000
814
24.0000
814
24.0000
814
24.0000
814
24.0000
814
24.0000
815
24.0000
815
24.0000
815
24.0000
815
24.0000
815
24.0000
994
24.0000
994
24.0000
994
24.0000
994
24.0000
994
24.0000
1040
24.0000
1040
24.0000
1040
24.0000
1040
24.0000
1040
24.0000
1307
24.0000
1307
24.0000
1307
24.0000
1307
24.0000
1307
24.0000
1608
24.0000
1608
24.0000
1608
24.0000
1608
24.0000
1608
24.0000
1728
24.0000
1728
24.0000
1728
24.0000
1728
24.0000
1728
24.0000
1954
24.0000
1954
24.0000
1954
24.0000
1954
24.0000
1954
24.0000
2258
24.0000
2258
24.0000
2258
24.0000
2258
24.0000
2258
24.0000
2444
24.0000
2444
24.0000
2444
24.0000
2444
24.0000
2444
24.0000
2630
24.0000
2630
24.0000
2630
24.0000
2630
24.0000
2630
24.0000
2896
24.0000
2896
24.0000
2896
24.0000
2896
24.0000
2896
24.0000
2967
24.0000
2967
24.0000
2967
24.0000
2967
24.0000
2967
22.5000
116
22.5000
116
22.5000
116
22.5000
116
22.5000
1730
22.5000
1730
22.5000
1730
22.5000
1730
22.5000
2209
22.5000
2209
22.5000
2209
22.5000
2209
22.5000
2209
22.5000
2209
22.5000
2209
22.5000
2209
22.5000
2956
22.5000
2956
22.5000
2956
22.5000
2956
22.0000
1834
22.0000
1834
22.0000
1834
22.0000
1834
22.0000
1834
21.6667
530
21.6667
530
21.6667
530
21.6667
530
21.6667
530
21.6667
530
21.2500
700
21.2500
700
21.2500
700
21.2500
700
21.2500
700
21.2500
700
21.2500
700
21.2500
700
21.2500
1220
21.2500
1220
21.2500
1220
21.2500
1220
21.2500
1220
21.2500
1220
21.2500
1220
21.2500
1220
20.0000
55
20.0000
55
20.0000
56
20.0000
56
20.0000
58
20.0000
58
20.0000
84
20.0000
84
20.0000
84
20.0000
84
20.0000
84
20.0000
84
20.0000
101
20.0000
101
20.0000
101
20.0000
101
20.0000
111
20.0000
111
20.0000
111
20.0000
111
20.0000
111
20.0000
111
20.0000
111
20.0000
111
20.0000
127
20.0000
127
20.0000
132
20.0000
132
20.0000
148
20.0000
148
20.0000
177
20.0000
177
20.0000
225
20.0000
225
20.0000
225
20.0000
225
20.0000
225
20.0000
225
20.0000
237
20.0000
237
20.0000
237
20.0000
237
20.0000
237
20.0000
237
20.0000
237
20.0000
237
20.0000
285
20.0000
285
20.0000
289
20.0000
289
20.0000
295
20.0000
295
20.0000
320
20.0000
320
20.0000
328
20.0000
328
20.0000
331
20.0000
331
20.0000
335
20.0000
335
20.0000
342
20.0000
342
20.0000
342
20.0000
403
20.0000
403
20.0000
451
20.0000
451
20.0000
457
20.0000
457
20.0000
462
20.0000
462
20.0000
467
20.0000
467
20.0000
468
20.0000
468
20.0000
468
20.0000
468
20.0000
468
20.0000
468
20.0000
469
20.0000
469
20.0000
536
20.0000
536
20.0000
566
20.0000
566
20.0000
566
20.0000
566
20.0000
569
20.0000
569
20.0000
585
20.0000
585
20.0000
607
20.0000
607
20.0000
607
20.0000
607
20.0000
649
20.0000
649
20.0000
652
20.0000
652
20.0000
692
20.0000
692
20.0000
692
20.0000
692
20.0000
692
20.0000
692
20.0000
713
20.0000
713
20.0000
713
20.0000
713
20.0000
713
20.0000
720
20.0000
720
20.0000
740
20.0000
743
20.0000
743
20.0000
749
20.0000
749
20.0000
749
20.0000
751
20.0000
751
20.0000
760
20.0000
760
20.0000
761
20.0000
761
20.0000
761
20.0000
761
20.0000
761
20.0000
761
20.0000
792
20.0000
792
20.0000
795
20.0000
795
20.0000
795
20.0000
795
20.0000
795
20.0000
798
20.0000
798
20.0000
798
20.0000
798
20.0000
816
20.0000
816
20.0000
816
20.0000
816
20.0000
816
20.0000
816
20.0000
816
20.0000
816
20.0000
822
20.0000
822
20.0000
825
20.0000
825
20.0000
844
20.0000
844
20.0000
844
20.0000
844
20.0000
849
20.0000
849
20.0000
849
20.0000
849
20.0000
849
20.0000
849
20.0000
863
20.0000
863
20.0000
913
20.0000
913
20.0000
919
20.0000
919
20.0000
919
20.0000
919
20.0000
919
20.0000
919
20.0000
919
20.0000
919
20.0000
923
20.0000
923
20.0000
923
20.0000
923
20.0000
943
20.0000
943
20.0000
952
20.0000
952
20.0000
952
20.0000
952
20.0000
952
20.0000
952
20.0000
952
20.0000
952
20.0000
984
20.0000
984
20.0000
990
20.0000
990
20.0000
1003
20.0000
1003
20.0000
1003
20.0000
1003
20.0000
1003
20.0000
1012
20.0000
1012
20.0000
1078
20.0000
1078
20.0000
1078
20.0000
1078
20.0000
1078
20.0000
1078
20.0000
1086
20.0000
1086
20.0000
1087
20.0000
1087
20.0000
1096
20.0000
1096
20.0000
1103
20.0000
1103
20.0000
1104
20.0000
1104
20.0000
1152
20.0000
1152
20.0000
1152
20.0000
1152
20.0000
1152
20.0000
1158
20.0000
1199
20.0000
1199
20.0000
1199
20.0000
1199
20.0000
1199
20.0000
1199
20.0000
1216
20.0000
1216
20.0000
1217
20.0000
1217
20.0000
1217
20.0000
1217
20.0000
1241
20.0000
1241
20.0000
1262
20.0000
1262
20.0000
1262
20.0000
1262
20.0000
1271
20.0000
1271
20.0000
1271
20.0000
1271
20.0000
1271
20.0000
1271
20.0000
1294
20.0000
1294
20.0000
1294
20.0000
1294
20.0000
1294
20.0000
1294
20.0000
1294
20.0000
1294
20.0000
1337
20.0000
1337
20.0000
1337
20.0000
1337
20.0000
1391
20.0000
1391
20.0000
1391
20.0000
1391
20.0000
1391
20.0000
1391
20.0000
1391
20.0000
1391
20.0000
1408
20.0000
1408
20.0000
1417
20.0000
1417
20.0000
1417
20.0000
1417
20.0000
1417
20.0000
1417
20.0000
1420
20.0000
1420
20.0000
1420
20.0000
1420
20.0000
1423
20.0000
1423
20.0000
1431
20.0000
1431
20.0000
1433
20.0000
1433
20.0000
1446
20.0000
1446
20.0000
1452
20.0000
1452
20.0000
1466
20.0000
1466
20.0000
1466
20.0000
1466
20.0000
1483
20.0000
1483
20.0000
1483
20.0000
1483
20.0000
1483
20.0000
1483
20.0000
1489
20.0000
1489
20.0000
1513
20.0000
1513
20.0000
1523
20.0000
1523
20.0000
1525
20.0000
1525
20.0000
1544
20.0000
1544
20.0000
1547
20.0000
1547
20.0000
1548
20.0000
1548
20.0000
1555
20.0000
1555
20.0000
1555
20.0000
1555
20.0000
1555
20.0000
1555
20.0000
1555
20.0000
1555
20.0000
1601
20.0000
1601
20.0000
1601
20.0000
1601
20.0000
1603
20.0000
1603
20.0000
1620
20.0000
1620
20.0000
1635
20.0000
1635
20.0000
1637
20.0000
1637
20.0000
1652
20.0000
1652
20.0000
1661
20.0000
1661
20.0000
1661
20.0000
1661
20.0000
1674
20.0000
1674
20.0000
1696
20.0000
1696
20.0000
1703
20.0000
1703
20.0000
1736
20.0000
1736
20.0000
1775
20.0000
1775
20.0000
1780
20.0000
1780
20.0000
1780
20.0000
1780
20.0000
1780
20.0000
1803
20.0000
1803
20.0000
1813
20.0000
1813
20.0000
1832
20.0000
1832
20.0000
1841
20.0000
1841
20.0000
1848
20.0000
1848
20.0000
1889
20.0000
1889
20.0000
1892
20.0000
1914
20.0000
1914
20.0000
1914
20.0000
1914
20.0000
1925
20.0000
1925
20.0000
1939
20.0000
1939
20.0000
1948
20.0000
1948
20.0000
1991
20.0000
1991
20.0000
1997
20.0000
1997
20.0000
1997
20.0000
1997
20.0000
1997
20.0000
1997
20.0000
2005
20.0000
2005
20.0000
2008
20.0000
2008
20.0000
2056
20.0000
2056
20.0000
2056
20.0000
2056
20.0000
2056
20.0000
2056
20.0000
2082
20.0000
2082
20.0000
2082
20.0000
2082
20.0000
2082
20.0000
2082
20.0000
2085
20.0000
2085
20.0000
2085
20.0000
2085
20.0000
2085
20.0000
2085
20.0000
2085
20.0000
2085
20.0000
2102
20.0000
2102
20.0000
2107
20.0000
2107
20.0000
2107
20.0000
2134
20.0000
2134
20.0000
2164
20.0000
2164
20.0000
2164
20.0000
2222
20.0000
2222
20.0000
2321
20.0000
2321
20.0000
2347
20.0000
2347
20.0000
2369
20.0000
2369
20.0000
2373
20.0000
2373
20.0000
2373
20.0000
2373
20.0000
2373
20.0000
2373
20.0000
2373
20.0000
2373
20.0000
2403
20.0000
2403
20.0000
2403
20.0000
2403
20.0000
2403
20.0000
2403
20.0000
2439
20.0000
2439
20.0000
2439
20.0000
2439
20.0000
2439
20.0000
2445
20.0000
2445
20.0000
2513
20.0000
2513
20.0000
2545
20.0000
2545
20.0000
2545
20.0000
2545
20.0000
2549
20.0000
2549
20.0000
2577
20.0000
2577
20.0000
2602
20.0000
2602
20.0000
2602
20.0000
2602
20.0000
2602
20.0000
2602
20.0000
2634
20.0000
2634
20.0000
2650
20.0000
2650
20.0000
2650
20.0000
2650
20.0000
2650
20.0000
2650
20.0000
2683
20.0000
2683
20.0000
2683
20.0000
2683
20.0000
2691
20.0000
2691
20.0000
2701
20.0000
2701
20.0000
2701
20.0000
2701
20.0000
2701
20.0000
2701
20.0000
2701
20.0000
2701
20.0000
2751
20.0000
2751
20.0000
2751
20.0000
2751
20.0000
2751
20.0000
2751
20.0000
2775
20.0000
2775
20.0000
2775
20.0000
2775
20.0000
2775
20.0000
2775
20.0000
2775
20.0000
2776
20.0000
2776
20.0000
2776
20.0000
2776
20.0000
2776
20.0000
2776
20.0000
2783
20.0000
2783
20.0000
2783
20.0000
2783
20.0000
2847
20.0000
2847
20.0000
2859
20.0000
2859
20.0000
2859
20.0000
2859
20.0000
2859
20.0000
2859
20.0000
2862
20.0000
2862
20.0000
2862
20.0000
2862
20.0000
2862
20.0000
2862
20.0000
2862
20.0000
2865
20.0000
2865
20.0000
2887
20.0000
2887
20.0000
2887
20.0000
2887
20.0000
2899
20.0000
2899
20.0000
2899
20.0000
2911
20.0000
2911
20.0000
2911
20.0000
2911
20.0000
2911
20.0000
2911
20.0000
2911
20.0000
2911
20.0000
2918
20.0000
2918
20.0000
2918
20.0000
2918
20.0000
2918
20.0000
2918
20.0000
2918
20.0000
2918
20.0000
2929
20.0000
2929
20.0000
2972
20.0000
2972
20.0000
2972
20.0000
2972
20.0000
2972
20.0000
2972
17.1429
2593
17.1429
2593
17.1429
2593
17.1429
2593
17.1429
2593
17.1429
2593
17.1429
2593
17.1429
2812
17.1429
2812
17.1429
2812
17.1429
2812
17.1429
2812
17.1429
2812
17.1429
2812
15.7143
824
15.7143
824
15.7143
824
15.7143
824
15.7143
824
15.7143
824
15.7143
824
15.7143
2273
15.7143
2273
15.7143
2273
15.7143
2273
15.7143
2273
15.7143
2273
15.7143
2273
15.0000
401
15.0000
401
15.0000
532
15.0000
532
15.0000
1206
15.0000
1206
15.0000
1726
15.0000
1726
15.0000
1782
15.0000
1782
15.0000
1942
15.0000
1942
15.0000
2057
15.0000
2057
15.0000
2808
15.0000
2808
15.0000
2905
15.0000
2905
14.2857
1264
14.2857
1264
14.2857
1264
14.2857
1264
14.2857
1264
14.2857
1264
14.2857
1264
11.4286
2926
11.4286
2926
11.4286
2926
11.4286
2926
11.4286
2926
11.4286
2926
11.4286
2926
10.0000
1
10.0000
1
10.0000
1
10.0000
1
10.0000
1
10.0000
1
10.0000
17
10.0000
17
10.0000
18
10.0000
18
10.0000
18
10.0000
18
10.0000
20
10.0000
20
10.0000
20
10.0000
20
10.0000
20
10.0000
23
10.0000
23
10.0000
23
10.0000
23
10.0000
23
10.0000
23
10.0000
23
10.0000
23
10.0000
26
10.0000
26
10.0000
52
10.0000
52
10.0000
52
10.0000
52
10.0000
70
10.0000
70
10.0000
89
10.0000
89
10.0000
89
10.0000
89
10.0000
89
10.0000
89
10.0000
104
10.0000
104
10.0000
106
10.0000
106
10.0000
107
10.0000
107
10.0000
107
10.0000
107
10.0000
120
10.0000
120
10.0000
128
10.0000
128
10.0000
128
10.0000
128
10.0000
128
10.0000
128
10.0000
159
10.0000
159
10.0000
159
10.0000
159
10.0000
172
10.0000
172
10.0000
172
10.0000
172
10.0000
172
10.0000
172
10.0000
172
10.0000
172
10.0000
202
10.0000
202
10.0000
202
10.0000
202
10.0000
211
10.0000
211
10.0000
213
10.0000
213
10.0000
213
10.0000
213
10.0000
213
10.0000
213
10.0000
213
10.0000
227
10.0000
227
10.0000
227
10.0000
227
10.0000
227
10.0000
227
10.0000
227
10.0000
227
10.0000
248
10.0000
248
10.0000
248
10.0000
248
10.0000
263
10.0000
263
10.0000
265
10.0000
265
10.0000
278
10.0000
278
10.0000
278
10.0000
278
10.0000
278
10.0000
278
10.0000
278
10.0000
324
10.0000
324
10.0000
324
10.0000
324
10.0000
324
10.0000
324
10.0000
324
10.0000
324
10.0000
344
10.0000
344
10.0000
344
10.0000
344
10.0000
344
10.0000
344
10.0000
344
10.0000
344
10.0000
360
10.0000
360
10.0000
362
10.0000
362
10.0000
362
10.0000
362
10.0000
382
10.0000
382
10.0000
382
10.0000
382
10.0000
388
10.0000
388
10.0000
436
10.0000
436
10.0000
436
10.0000
436
10.0000
441
10.0000
441
10.0000
441
10.0000
441
10.0000
441
10.0000
441
10.0000
441
10.0000
441
10.0000
463
10.0000
463
10.0000
463
10.0000
463
10.0000
470
10.0000
470
10.0000
470
10.0000
470
10.0000
470
10.0000
501
10.0000
501
10.0000
501
10.0000
501
10.0000
501
10.0000
501
10.0000
501
10.0000
501
10.0000
516
10.0000
516
10.0000
524
10.0000
524
10.0000
524
10.0000
524
10.0000
524
10.0000
524
10.0000
541
10.0000
541
10.0000
541
10.0000
541
10.0000
541
10.0000
544
10.0000
544
10.0000
544
10.0000
570
10.0000
570
10.0000
573
10.0000
573
10.0000
576
10.0000
576
10.0000
576
10.0000
576
10.0000
582
10.0000
582
10.0000
584
10.0000
584
10.0000
584
10.0000
584
10.0000
599
10.0000
599
10.0000
624
10.0000
624
10.0000
632
10.0000
632
10.0000
637
10.0000
637
10.0000
638
10.0000
638
10.0000
638
10.0000
638
10.0000
647
10.0000
647
10.0000
647
10.0000
647
10.0000
654
10.0000
675
10.0000
675
10.0000
675
10.0000
675
10.0000
675
10.0000
675
10.0000
675
10.0000
675
10.0000
705
10.0000
705
10.0000
705
10.0000
705
10.0000
711
10.0000
711
10.0000
768
10.0000
768
10.0000
768
10.0000
768
10.0000
768
10.0000
768
10.0000
768
10.0000
768
10.0000
779
10.0000
779
10.0000
779
10.0000
779
10.0000
779
10.0000
779
10.0000
786
10.0000
786
10.0000
786
10.0000
786
10.0000
806
10.0000
806
10.0000
806
10.0000
806
10.0000
910
10.0000
910
10.0000
910
10.0000
910
10.0000
925
10.0000
925
10.0000
939
10.0000
939
10.0000
947
10.0000
947
10.0000
947
10.0000
947
10.0000
949
10.0000
949
10.0000
983
10.0000
983
10.0000
983
10.0000
983
10.0000
983
10.0000
983
10.0000
983
10.0000
987
10.0000
987
10.0000
987
10.0000
987
10.0000
987
10.0000
987
10.0000
999
10.0000
999
10.0000
999
10.0000
999
10.0000
1020
10.0000
1020
10.0000
1027
10.0000
1027
10.0000
1028
10.0000
1028
10.0000
1042
10.0000
1042
10.0000
1042
10.0000
1042
10.0000
1042
10.0000
1042
10.0000
1082
10.0000
1082
10.0000
1082
10.0000
1082
10.0000
1082
10.0000
1082
10.0000
1089
10.0000
1089
10.0000
1116
10.0000
1116
10.0000
1116
10.0000
1116
10.0000
1116
10.0000
1116
10.0000
1122
10.0000
1122
10.0000
1122
10.0000
1122
10.0000
1122
10.0000
1122
10.0000
1122
10.0000
1122
10.0000
1127
10.0000
1127
10.0000
1127
10.0000
1127
10.0000
1127
10.0000
1127
10.0000
1134
10.0000
1134
10.0000
1154
10.0000
1154
10.0000
1154
10.0000
1154
10.0000
1168
10.0000
1168
10.0000
1182
10.0000
1182
10.0000
1182
10.0000
1182
10.0000
1182
10.0000
1182
10.0000
1213
10.0000
1213
10.0000
1213
10.0000
1213
10.0000
1213
10.0000
1213
10.0000
1213
10.0000
1213
10.0000
1215
10.0000
1215
10.0000
1215
10.0000
1215
10.0000
1215
10.0000
1215
10.0000
1261
10.0000
1261
10.0000
1269
10.0000
1269
10.0000
1272
10.0000
1272
10.0000
1272
10.0000
1272
10.0000
1272
10.0000
1272
10.0000
1272
10.0000
1299
10.0000
1299
10.0000
1299
10.0000
1299
10.0000
1301
10.0000
1301
10.0000
1301
10.0000
1301
10.0000
1324
10.0000
1324
10.0000
1324
10.0000
1324
10.0000
1334
10.0000
1334
10.0000
1334
10.0000
1334
10.0000
1334
10.0000
1334
10.0000
1334
10.0000
1334
10.0000
1390
10.0000
1390
10.0000
1390
10.0000
1390
10.0000
1390
10.0000
1390
10.0000
1392
10.0000
1392
10.0000
1392
10.0000
1392
10.0000
1417
10.0000
1442
10.0000
1442
10.0000
1445
10.0000
1445
10.0000
1447
10.0000
1447
10.0000
1450
10.0000
1450
10.0000
1450
10.0000
1450
10.0000
1450
10.0000
1450
10.0000
1463
10.0000
1463
10.0000
1463
10.0000
1463
10.0000
1463
10.0000
1463
10.0000
1463
10.0000
1463
10.0000
1465
10.0000
1465
10.0000
1465
10.0000
1465
10.0000
1491
10.0000
1491
10.0000
1491
10.0000
1491
10.0000
1504
10.0000
1504
10.0000
1508
10.0000
1508
10.0000
1508
10.0000
1508
10.0000
1508
10.0000
1508
10.0000
1516
10.0000
1516
10.0000
1516
10.0000
1526
10.0000
1526
10.0000
1536
10.0000
1536
10.0000
1552
10.0000
1552
10.0000
1552
10.0000
1552
10.0000
1552
10.0000
1552
10.0000
1552
10.0000
1552
10.0000
1598
10.0000
1598
10.0000
1625
10.0000
1625
10.0000
1625
10.0000
1625
10.0000
1627
10.0000
1627
10.0000
1627
10.0000
1627
10.0000
1627
10.0000
1627
10.0000
1627
10.0000
1627
10.0000
1681
10.0000
1681
10.0000
1705
10.0000
1705
10.0000
1705
10.0000
1705
10.0000
1705
10.0000
1705
10.0000
1705
10.0000
1739
10.0000
1739
10.0000
1739
10.0000
1739
10.0000
1739
10.0000
1739
10.0000
1745
10.0000
1745
10.0000
1772
10.0000
1772
10.0000
1794
10.0000
1794
10.0000
1800
10.0000
1800
10.0000
1800
10.0000
1800
10.0000
1801
10.0000
1801
10.0000
1831
10.0000
1831
10.0000
1833
10.0000
1833
10.0000
1844
10.0000
1844
10.0000
1863
10.0000
1863
10.0000
1863
10.0000
1863
10.0000
1863
10.0000
1863
10.0000
1873
10.0000
1873
10.0000
1873
10.0000
1873
10.0000
1873
10.0000
1873
10.0000
1892
10.0000
1892
10.0000
1892
10.0000
1892
10.0000
1892
10.0000
1892
10.0000
1902
10.0000
1902
10.0000
1902
10.0000
1902
10.0000
1902
10.0000
1902
10.0000
1902
10.0000
1902
10.0000
1905
10.0000
1905
10.0000
1911
10.0000
1911
10.0000
1911
10.0000
1911
10.0000
1980
10.0000
1980
10.0000
1980
10.0000
1980
10.0000
1985
10.0000
1985
10.0000
1985
10.0000
1985
10.0000
1985
10.0000
1985
10.0000
1985
10.0000
2020
10.0000
2020
10.0000
2021
10.0000
2021
10.0000
2070
10.0000
2070
10.0000
2070
10.0000
2070
10.0000
2070
10.0000
2070
10.0000
2074
10.0000
2074
10.0000
2074
10.0000
2074
10.0000
2074
10.0000
2074
10.0000
2077
10.0000
2077
10.0000
2080
10.0000
2080
10.0000
2089
10.0000
2089
10.0000
2089
10.0000
2089
10.0000
2105
10.0000
2105
10.0000
2125
10.0000
2125
10.0000
2125
10.0000
2125
10.0000
2125
10.0000
2125
10.0000
2125
10.0000
2125
10.0000
2149
10.0000
2149
10.0000
2149
10.0000
2149
10.0000
2149
10.0000
2153
10.0000
2153
10.0000
2153
10.0000
2153
10.0000
2153
10.0000
2153
10.0000
2165
10.0000
2165
10.0000
2165
10.0000
2165
10.0000
2165
10.0000
2165
10.0000
2165
10.0000
2165
10.0000
2187
10.0000
2187
10.0000
2187
10.0000
2187
10.0000
2187
10.0000
2187
10.0000
2199
10.0000
2199
10.0000
2199
10.0000
2199
10.0000
2199
10.0000
2199
10.0000
2221
10.0000
2221
10.0000
2230
10.0000
2230
10.0000
2230
10.0000
2230
10.0000
2230
10.0000
2230
10.0000
2238
10.0000
2238
10.0000
2238
10.0000
2238
10.0000
2238
10.0000
2238
10.0000
2239
10.0000
2239
10.0000
2239
10.0000
2239
10.0000
2246
10.0000
2246
10.0000
2249
10.0000
2249
10.0000
2249
10.0000
2249
10.0000
2249
10.0000
2249
10.0000
2266
10.0000
2266
10.0000
2266
10.0000
2266
10.0000
2266
10.0000
2266
10.0000
2268
10.0000
2268
10.0000
2268
10.0000
2268
10.0000
2268
10.0000
2268
10.0000
2268
10.0000
2284
10.0000
2284
10.0000
2286
10.0000
2286
10.0000
2301
10.0000
2301
10.0000
2308
10.0000
2308
10.0000
2308
10.0000
2308
10.0000
2308
10.0000
2337
10.0000
2337
10.0000
2355
10.0000
2355
10.0000
2355
10.0000
2355
10.0000
2355
10.0000
2355
10.0000
2363
10.0000
2363
10.0000
2363
10.0000
2363
10.0000
2363
10.0000
2363
10.0000
2370
10.0000
2370
10.0000
2370
10.0000
2370
10.0000
2370
10.0000
2370
10.0000
2375
10.0000
2375
10.0000
2375
10.0000
2375
10.0000
2375
10.0000
2375
10.0000
2375
10.0000
2375
10.0000
2376
10.0000
2376
10.0000
2419
10.0000
2419
10.0000
2424
10.0000
2424
10.0000
2424
10.0000
2424
10.0000
2424
10.0000
2424
10.0000
2441
10.0000
2441
10.0000
2441
10.0000
2441
10.0000
2446
10.0000
2446
10.0000
2447
10.0000
2447
10.0000
2476
10.0000
2476
10.0000
2476
10.0000
2476
10.0000
2476
10.0000
2476
10.0000
2484
10.0000
2484
10.0000
2484
10.0000
2484
10.0000
2484
10.0000
2484
10.0000
2484
10.0000
2492
10.0000
2492
10.0000
2492
10.0000
2492
10.0000
2492
10.0000
2492
10.0000
2492
10.0000
2492
10.0000
2500
10.0000
2500
10.0000
2530
10.0000
2530
10.0000
2530
10.0000
2530
10.0000
2530
10.0000
2530
10.0000
2530
10.0000
2530
10.0000
2540
10.0000
2540
10.0000
2540
10.0000
2540
10.0000
2540
10.0000
2540
10.0000
2566
10.0000
2566
10.0000
2566
10.0000
2566
10.0000
2566
10.0000
2566
10.0000
2566
10.0000
2566
10.0000
2569
10.0000
2569
10.0000
2569
10.0000
2569
10.0000
2570
10.0000
2570
10.0000
2616
10.0000
2616
10.0000
2616
10.0000
2616
10.0000
2672
10.0000
2672
10.0000
2672
10.0000
2672
10.0000
2692
10.0000
2692
10.0000
2713
10.0000
2713
10.0000
2732
10.0000
2732
10.0000
2732
10.0000
2732
10.0000
2732
10.0000
2732
10.0000
2773
10.0000
2773
10.0000
2785
10.0000
2785
10.0000
2818
10.0000
2818
10.0000
2818
10.0000
2818
10.0000
2818
10.0000
2818
10.0000
2826
10.0000
2826
10.0000
2826
10.0000
2826
10.0000
2826
10.0000
2826
10.0000
2826
10.0000
2826
10.0000
2828
10.0000
2828
10.0000
2828
10.0000
2828
10.0000
2828
10.0000
2828
10.0000
2828
10.0000
2828
10.0000
2860
10.0000
2860
10.0000
2867
10.0000
2867
10.0000
2867
10.0000
2867
10.0000
2867
10.0000
2867
10.0000
2886
10.0000
2886
10.0000
2886
10.0000
2886
10.0000
2888
10.0000
2888
10.0000
2888
10.0000
2888
10.0000
2888
10.0000
2888
10.0000
2893
10.0000
2893
10.0000
2927
10.0000
2927
10.0000
2932
10.0000
2932
10.0000
2932
10.0000
2933
10.0000
2933
10.0000
2933
10.0000
2933
10.0000
2933
10.0000
2933
10.0000
2933
10.0000
2933